8 4
9 4 
10 4
10 5
9 5
8 5
5 1
6 1
7 1
8 1
9 1
10 1
11 1
12 1
13 1
4 2
4 3
4 4
3 4
3 3
3 2
2 3
1 3
0 3
0 4
0 5
0 6
0 7
0 8
0 9
0 19
0 11
0 12
1 11
2 11
3 11
3 10
3 9
4 9
4 10
3 10
4 11
4 12
4 13
4 14
5 14
5 13
5 12
7 12
6 12
6 13
6 14
7 14
7 13
8 13
8 12
8 14
9 14
9 13
9 12
10 12
10 13
10 14
11 14
11 13
11 12
12 12
12 13
12 14
13 14
13 13
13 12
13 11
13 10
13 9
14 9
15 11
16 11
17 11
18 11
18 10
18 9
18 8
18 7
18 6
18 5
18 3
18 4
17 3
16 3
15 3
14 4
14 3
14 2